# Defender Win Rate Over Time
1 100.00
2 67.42
3 64.13
4 51.22
5 67.68
6 66.29
7 61.11
8 60.92
9 56.32
10 55.68
11 59.09
12 47.25
13 48.05
14 43.18
15 48.19
16 48.91
17 39.77
18 38.75
19 40.96
20 48.91
21 25.32
22 50.00
23 33.33
24 48.96
25 43.01
26 38.20
27 48.51
28 38.95
29 34.34
30 41.84
31 45.65
32 39.42
33 50.96
34 43.81
35 50.00
36 50.51
37 48.48
38 66.04
39 56.86
40 47.06
41 52.94
42 59.43
43 50.51
44 51.02
45 53.85
46 46.24
47 39.76
48 47.00
49 53.06
50 61.22
51 70.30
52 60.00
53 53.12
54 71.03
55 56.38
56 60.19
57 66.67
58 64.36
59 69.09
60 60.40
61 60.22
62 58.43
63 60.19
64 60.61
65 69.83
66 77.78
67 77.06
68 79.28
69 71.84
70 75.25
71 74.53
72 68.57
73 86.32
74 71.29
75 80.37
76 89.74
77 80.73
78 86.49
79 80.36
80 80.00
81 78.00
82 78.30
83 82.91
84 80.37
85 77.68
86 74.04
87 87.16
88 82.88
89 81.13
90 81.03
91 82.76
92 78.57
93 87.10
94 87.39
95 90.65
96 84.80
97 85.48
98 88.81
99 94.29
100 91.97
101 97.37
102 95.62
103 96.86
104 96.23
105 97.01
106 97.44
107 97.53
108 97.50
109 96.03
110 96.71
111 97.53
112 97.55
113 98.80
114 98.78
115 99.39
116 97.77
117 97.83
118 98.38
119 99.48
120 99.46
121 100.00
122 100.00
123 99.43
124 98.48
125 100.00
126 98.51
127 100.00
128 99.51
129 99.51
130 99.51
131 99.48
