# Attacker WinRate Over Time
1 0.00
2 5.20
3 8.98
4 6.16
5 15.24
6 19.21
7 24.76
8 31.63
9 30.29
10 31.71
11 26.49
12 21.68
13 25.33
14 26.03
15 24.05
16 27.61
17 32.67
18 56.20
19 70.16
20 84.39
21 92.11
22 98.37
23 99.31
24 99.31
25 100.00
26 100.00
27 100.00
28 100.00
29 100.00
30 100.00
31 100.00
32 100.00
33 100.00
34 100.00
35 100.00
36 100.00
37 100.00
38 100.00
39 100.00
40 100.00
41 100.00
42 100.00
43 100.00
44 100.00
45 100.00
46 100.00
47 100.00
48 100.00
49 100.00
50 100.00
51 100.00
52 100.00
53 100.00
54 100.00
55 100.00
56 100.00
57 100.00
58 100.00
59 100.00
60 100.00
61 100.00
62 100.00
63 100.00
64 100.00
65 100.00
66 100.00
