# Defender Win Rate Over Time
1 0.00
2 28.33
3 35.25
4 44.09
5 74.93
6 94.74
7 100.00
8 99.78
9 100.00
10 100.00
11 100.00
12 100.00
13 99.78
14 99.78
15 97.70
16 94.59
17 87.89
18 90.17
19 96.06
20 99.33
21 98.66
22 96.45
23 97.50
24 98.45
25 98.88
26 98.93
27 98.89
28 98.67
29 99.35
30 99.56
31 98.71
32 99.14
33 99.56
34 99.15
35 99.35
36 99.78
37 99.57
38 99.78
39 99.79
40 99.57
41 100.00
42 100.00
43 99.78
44 100.00
45 100.00
46 99.78
47 99.79
48 100.00
49 99.79
50 100.00
51 99.79
52 99.79
53 99.79
54 99.79
55 100.00
56 100.00
57 99.79
58 99.57
59 100.00
60 100.00
61 100.00
62 100.00
63 99.78
64 100.00
65 100.00
66 100.00
67 100.00
68 100.00
69 100.00
70 99.79
71 99.79
72 100.00
73 100.00
74 100.00
75 100.00
76 100.00
77 100.00
78 100.00
79 100.00
80 100.00
81 100.00
82 100.00
83 100.00
84 100.00
85 100.00
86 100.00
87 100.00
88 100.00
89 100.00
90 100.00
91 100.00
92 100.00
93 100.00
94 100.00
95 100.00
96 100.00
97 100.00
98 100.00
99 100.00
100 100.00
101 100.00
102 100.00
103 100.00
104 100.00
105 100.00
106 100.00
107 100.00
108 100.00
109 100.00
110 100.00
111 100.00
112 100.00
113 100.00
114 100.00
115 100.00
116 100.00
117 100.00
118 100.00
119 100.00
120 100.00
121 100.00
122 100.00
123 100.00
124 100.00
125 100.00
126 100.00
127 100.00
128 100.00
129 100.00
130 100.00
131 100.00
