# Attacker WinRate Over Time
1 0.00
2 7.50
3 8.64
4 7.53
5 5.43
6 4.26
7 7.53
8 7.61
9 10.89
10 7.61
11 5.26
12 7.45
13 6.82
14 8.70
15 6.32
16 9.78
17 5.56
18 5.56
19 9.89
20 11.70
21 9.68
22 9.30
23 3.53
24 2.20
25 8.14
26 4.44
27 7.95
28 6.74
29 6.90
30 5.75
31 3.26
32 7.06
33 4.65
34 3.37
35 2.11
36 7.53
37 4.26
38 8.79
39 10.75
40 5.62
41 7.29
42 7.95
43 15.62
44 6.59
45 5.38
46 4.65
47 10.87
48 2.38
49 11.24
50 16.84
51 9.64
52 10.31
53 9.30
54 18.68
55 15.05
56 15.62
57 16.84
58 17.82
59 19.00
60 18.28
61 20.00
62 17.58
63 16.13
64 14.00
65 25.56
66 15.62
67 17.05
68 14.44
69 20.88
70 11.70
71 20.83
72 21.05
73 21.84
74 15.62
75 17.20
76 18.18
77 19.79
78 15.73
79 22.22
80 20.65
81 21.21
82 24.74
83 30.61
84 27.37
85 25.25
86 25.74
87 34.95
88 28.16
89 27.27
90 34.86
91 29.25
92 33.33
93 33.66
94 28.97
95 39.25
96 40.57
97 37.38
98 29.25
99 33.96
100 34.29
101 30.56
102 30.19
103 32.73
104 35.34
105 42.20
106 35.24
107 34.86
108 34.29
109 23.21
110 28.70
111 29.09
112 32.71
113 30.36
114 37.07
115 32.73
116 40.37
117 37.27
118 26.79
119 38.53
120 37.39
121 38.98
122 41.67
123 38.60
124 31.58
125 32.73
126 31.53
127 29.36
128 28.70
129 45.13
130 32.73
131 38.94
