# Defender Win Rate Over Time
1 0.00
2 4.12
3 6.29
4 9.35
5 12.98
6 16.62
7 22.05
8 24.47
9 22.42
10 14.40
11 14.00
12 17.46
13 12.10
14 12.97
15 13.74
16 15.98
17 14.17
18 11.68
19 14.05
20 10.93
21 12.23
22 12.61
23 7.71
24 13.62
25 12.33
26 14.93
27 18.55
28 19.50
29 23.84
30 17.53
31 21.04
32 27.88
33 35.62
34 39.05
35 49.84
36 62.32
37 71.90
38 83.55
39 92.24
40 96.94
41 99.20
42 99.47
43 99.74
44 99.74
45 99.74
46 99.75
47 100.00
48 99.49
49 100.00
50 99.49
51 99.75
52 100.00
53 100.00
54 100.00
55 100.00
56 99.48
57 99.74
58 99.23
59 99.75
60 99.49
61 99.49
62 99.49
63 99.75
64 99.75
65 99.75
66 98.98
67 99.74
68 100.00
69 98.74
70 98.44
71 99.74
72 98.73
73 99.75
74 100.00
75 99.75
76 99.23
77 98.72
78 100.00
79 99.49
80 100.00
81 99.75
82 99.75
83 99.75
84 99.25
85 99.51
86 100.00
87 99.75
88 100.00
89 100.00
90 100.00
91 100.00
92 100.00
93 99.76
94 100.00
95 99.52
96 100.00
97 99.52
98 99.51
99 100.00
100 100.00
101 99.76
102 99.51
103 99.76
104 99.76
105 100.00
106 100.00
107 100.00
108 100.00
109 100.00
110 100.00
111 100.00
112 100.00
113 100.00
114 99.76
115 100.00
116 100.00
117 100.00
118 100.00
119 100.00
120 100.00
121 100.00
122 100.00
123 100.00
124 99.76
125 100.00
126 100.00
127 100.00
128 100.00
129 100.00
130 100.00
131 100.00
