# Attacker WinRate Over Time
1 100.00
2 63.22
3 63.64
4 54.02
5 61.04
6 52.56
7 55.42
8 48.10
9 52.11
10 40.51
11 44.74
12 38.67
13 24.62
14 29.58
15 28.17
16 21.43
17 15.38
18 15.49
19 11.76
20 10.45
21 10.39
22 14.63
23 17.24
24 10.98
25 6.02
26 13.98
27 5.88
28 13.68
29 6.98
30 6.74
31 18.89
32 13.95
33 20.45
34 19.75
35 28.24
36 34.07
37 24.71
38 27.06
39 19.75
40 25.30
41 30.86
42 23.81
43 28.92
44 12.50
45 27.16
46 20.73
47 8.54
48 7.89
49 9.52
50 11.76
51 17.07
52 14.94
53 12.82
54 10.39
55 10.84
56 9.88
57 10.98
58 9.41
59 10.26
60 14.77
61 17.24
62 14.94
63 16.47
64 17.98
65 25.81
66 27.27
67 11.39
68 19.28
69 15.66
70 18.60
71 10.13
72 15.48
73 11.76
74 12.35
75 6.58
76 11.63
77 12.66
78 10.00
79 13.10
80 9.41
81 11.49
82 11.25
83 13.92
84 13.75
85 10.23
86 13.92
87 12.79
88 11.90
89 13.33
90 16.28
91 5.95
92 14.44
93 11.39
94 17.24
95 21.18
96 16.47
97 26.67
98 21.98
99 20.00
100 35.42
101 37.78
102 47.42
103 54.17
104 49.47
105 54.84
106 47.83
107 42.86
108 62.86
109 67.71
110 72.97
111 83.93
112 81.58
113 80.36
114 81.42
115 83.78
116 84.11
117 81.98
118 89.66
119 91.23
120 83.78
121 86.78
122 86.49
123 89.66
124 92.44
125 86.96
126 90.43
127 93.86
128 81.42
129 92.37
130 87.72
131 83.78
